693
481
395
386
210
519
413
248
586
390
89
254
544
677
46
951
398
48
416
302
903
529
236
918
115
7
928
461
824
324
794
683
902
192
596
50
498
292
70
966
157
271
628
112
459
500
184
657
118
877
489
590
442
580
77
433
504
794
171
231
630
210
544
611
895
548
651
924
811
188
613
3
197
860
829
197
799
288
412
885
592
120
339
801
651
796
196
458
780
784
702
210
888
655
556
777
179
965
950
686
184
604
314
519
72
366
193
833
387
2
126
101
244
150
886
361
408
920
743
445
620
592
623
192
513
899
941
9
441
277
871
119
51
361
447
797
201
668
807
601
157
146
873
83
65
723
401
970
441
536
791
664
679
450
231
985
240
385
777
418
334
447
878
345
202
67
758
540
940
282
861
888
569
93
308
681
693
34
546
481
896
931
55
750
35
559
44
746
853
382
147
5
977
681
657
980
389
878
614
521
230
240
46
570
440
865
216
252
558
437
407
532
203
68
491
896
19
641
525
9
355
85
982
181
191
927
233
73
893
391
3
921
489
697
565
402
928
752
609
736
469
707
590
372
804
733
391
922
789
755
338
211
507
786
186
810
421
379
262
418
21
662
699
256
986
366
486
946
204
598
936
554
632
922
199
82
826
292
628
176
9
66
353
525
564
641
200
140
322
605
633
410
513
168
123
724
129
232
589
738
954
681
378
382
188
577
201
351
392
581
7
894
5
259
105
373
250
354
655
757
972
947
528
463
101
617
255
262
287
8
129
400
779
458
706
71
780
34
160
3
253
894
205
902
407
732
907
350
765
702
877
100
23
477
984
79
757
956
781
112
335
503
778
64
790
550
924
957
766
72
257
333
770
402
842
477
43
818
362
89
455
742
636
340
779
68
860
206
476
236
263
951
553
318
370
188
78
397
384
144
307
378
553
274
325
392
257
957
15
542
954
486
372
277
981
955
827
834
66
307
470
849
709
995
793
641
564
252
771
419
683
240
188
634
170
665
199
136
419
847
277
228
244
101
550
6
755
223
798
632
646
281
830
905
286
252
466
950
892
115
401
547
548
562
896
791
403
571
296
729
777
115
777
233
28
789
728
254
21
528
580
540
186
570
684
352
248
231
393
136
792
377
105
105
550
507
555
687
243
487
107
732
127
974
900
826
242
771
479
256
15
981
228
209
361
464
730
315
69
106
993
363
321
67
285
304
338
777
293
655
984
126
662
460
847
901
614
94
644
754
183
661
719
10
163
928
898
905
988
237
756
183
751
991
732
446
912
768
676
248
899
999
638
682
608
88
660
465
297
809
407
847
168
143
157
557
228
903
373
627
58
415
969
394
888
88
54
595
841
805
135
745
693
382
100
483
374
296
961
729
145
419
539
963
623
849
494
341
315
188
895
229
950
254
666
234
297
40
188
962
906
588
464
201
69
917
304
984
28
373
232
432
848
371
185
508
884
139
952
942
783
953
694
297
225
283
645
939
101
650
877
736
888
640
995
580
161
140
796
238
307
76
436
478
50
386
360
666
463
529
564
234
368
932
936
174
546
739
808
863
958
404
132
769
251
532
983
570
339
629
386
960
269
767
210
988
529
491
862
1
879
937
871
484
497
15
437
882
356
188
206
407
70
35
633
730
928
60
68
528
660
839
378
720
935
539
494
716
881
55
820
743
853
238
799
745
810
786
511
508
249
62
34
196
659
42
367
714
52
109
53
192
635
741
635
891
586
176
804
669
813
583
729
916
406
422
946
102
448
285
536
351
485
693
237
560
542
172
180
157
500
640
682
704
197
218
172
788
740
741
706
209
105
397
300
972
531
454
897
631
933
247
647
916
890
142
58
718
946
232
531
745
593
462
289
308
928
750
448
182
435
127
655
679
546
720
714
474
606
871
278
995
450
839
724
26
943
947
736
719
655
463
361
984
432
421
719
389
623
113
75
824
14
247
94
330
279
480
502
75
147
552
535
167
429
714
763
153
426
453
985
951
444
12
445
872
695
690
811
870
960
17
820
531
773
606
164
930
330
163
100
485
988
672
139
768
712
754
984
278
290
52
901
714
229
506
520
657
848
295
18
722
857
146
311
640
236
34
298
103
420
705
905
743
747
920
602
621
159
538
189
838
531
978
63
374
580
93
226
685
321
506
971
641
71
205
847
810
458
368
917
398
825
369
251
517
602
216
66
145
49
981
871
723
805
614
969
873
137
451
796
8335
3408
2581
6157
954
1938
1229
8095
9079
1518
4783
9709
4797
2928
4321
2187
5537
1325
8359
3823
7668
6290
1551
4935
1578
6249
1520
4232
4421
9455
1786
5443
3171
3505
3096
325
3485
9293
8992
1891
4620
7144
2718
5292
885
8150
6692
562
4258
3450
8875
6850
864
585
7778
9699
5033
4366
7127
8336
628
3405
4634
517
1654
3049
609
1236
6838
6467
489
8338
1216
7406
5677
913
6285
9312
7701
5034
6753
4780
4189
7960
9234
5220
8626
4117
5208
6780
9155
6360
9962
6803
2433
2479
162
516
647
8893
1209
7349
605
2714
2686
5636
2759
2364
2008
2277
7511
2387
6052
6645
6795
9060
9668
7172
5382
3264
6796
9773
3314
5000
7865
2278
5828
4940
2890
9434
7927
4430
3190
8158
46
4570
1987
272
5597
2145
6680
4257
7626
611
4453
726
9557
2308
8739
9960
6070
6807
5062
6785
9955
8856
1519
7910
3376
2362
5087
9829
5876
9487
3632
8001
5330
5692
9422
7169
1953
5632
5573
6331
9755
9433
9297
9968
8297
201
5843
7071
9702
8198
2591
3603
5045
6091
1514
6668
1098
2087
5892
6083
8750
2282
9896
3287
6031
5956
1206
4434
3902
3809
7159
6803
4900
8337
5432
9869
3164
8748
238
7457
591
6534
2077
7005
586
7458
8884
5939
7519
6864
325
2832
5893
4733
7793
5198
9437
5282
7527
3781
4780
33
9548
7430
9052
7102
7445
6226
316
7803
3833
9183
8735
8106
8379
7908
3104
961
5146
7452
4959
3039
1335
9050
5367
8985
3583
5240
33
5667
9768
9824
8782
5857
769
3688
5820
3729
9974
5576
5579
9783
6926
1472
1907
4704
6264
3260
7916
1331
6856
4695
146
4580
789
6555
3573
6280
2659
4878
9696
415
5360
7264
5755
5307
2810
7426
6028
3824
8644
9837
1475
5335
8127
497
2850
4129
2409
5823
6412
1227
5687
9747
4121
7886
626
5287
4016
5145
5012
8499
103
1567
4982
8545
6384
5186
830
8636
8181
9073
3610
6183
7823
2407
3477
3250
800
2707
4418
186
6351
9105
2342
5728
7609
8049
4503
5444
6731
7679
3381
3400
7945
522
4405
1981
5403
33
8008
8953
9198
6128
6622
4836
6791
6309
1007
5374
9003
9402
8690
7212
1756
2951
3134
1540
494
2298
8692
460
5750
8683
4728
5471
1797
8137
143
877
3720
5148
3036
5456
360
274
2911
3922
9036
1033
3697
1774
724
8357
7196
7510
94
3871
2325
7239
715
9720
4299
8024
4992
2620
2535
2063
1382
8207
8939
9833
1172
1247
6115
1276
587
6675
1665
4299
1933
7282
5104
8479
6271
4925
8295
6293
1524
7602
9915
9420
306
1711
6782
4374
9232
8554
4980
6244
1940
8949
9702
942
3748
3322
3087
8252
4362
5046
7892
4207
9205
5208
194
626
2787
7152
7473
808
6224
9495
8611
5563
1814
1371
9064
2153
448
9829
8073
9420
2344
3791
4543
2684
3954
6338
1202
4028
7504
3559
2742
3651
3788
6820
3732
3489
9522
737
3019
5926
4206
8475
9824
3226
9476
1252
8774
4813
2282
4256
743
1108
8378
8281
6392
5538
3170
4961
4573
7808
7677
1033
9538
1562
1640
3096
2005
7730
1248
8162
1284
313
4367
1804
9905
4019
7059
9354
3401
2822
8027
5095
6870
5381
4740
7201
7720
4773
9396
7935
2773
2344
3796
2048
1913
311
3857
4870
1049
3994
8906
1329
267
126
1790
4842
1045
9402
8280
6099
7773
3961
2568
6440
6569
6170
6849
2186
9646
6871
1219
5205
2283
3579
5288
7672
3322
7898
4309
3223
4263
7406
3896
2
437
6191
3194
9547
9549
5646
230
511
642
1473
888
1179
230
2396
2446
4132
9345
9362
5739
3334
4832
7525
3454
9481
9626
1059
6871
6186
1019
6990
5357
1869
759
5393
7545
9622
4132
6579
1225
2733
7003
1881
753
2586
4175
6211
7156
9025
2400
5738
893
9248
3323
2494
5011
985
2296
428
5932
1720
7872
7386
3069
2079
9986
941
9305
9877
4222
2299
8542
3259
9527
5795
4703
477
5312
5833
2562
5574
7105
1303
5680
8730
1113
8059
4781
6155
960
4262
3979
4163
3580
8179
4803
8715
1227
4336
8311
2257
8844
92
710
14
8178
2989
584
7897
8475
986
5975
2332
7381
7776
6495
3648
3742
2931
2684
3102
4867
5650
1122
2155
5737
5785
4055
6534
8794
7769
5753
4149
5637
6971
5787
1471
8957
8935
7014
2039
8504
1135
1781
7857
9609
4345
3001
1662
8084
9865
6737
5528
514
617
7008
369
893
4174
5287
4859
3209
181
1701
5008
6412
1353
1466
3377
6022
3540
6223
5422
6344
1592
6477
330
3534
3255
7120
6882
3329
668
435
7265
7837
1393
4991
8679
3157
6998
1139
4637
4351
6116
4007
1726
9726
6627
1107
8380
5888
7885
8884
7859
2403
8053
2015
2870
5992
6504
9756
3539
6194
1201
7802
3146
4439
8344
9154
900
944
999
1602
335
2188
2636
7444
4874
6749
1876
3441
9141
5787
3491
3222
8386
6636
2397
6122
6451
2611
384
3508
4643
8136
3220
1274
4209
5937
1670
2579
6191
990
4751
3052
583
631
1419
1509
2517
5056
242
8060
5561
6458
8827
3814
7482
6458
3522
6135
5279
1350
9125
2657
8045
7869
8915
1174
5847
8726
1604
3606
1781
8329
3688
838
7616
7167
1979
952
3531
8674
8069
8706
6507
8770
1847
9353
794
3125
5571
249
5353
7527
3388
4418
8198
9241
1646
8423
4308
5666
2228
3173
8233
2425
9201
8090
1962
214
3981
1785
4620
9284
2952
7792
9327
9257
3751
3463
7538
5690
6420
3874
8498
9191
9163
4907
18
8196
2849
5011
2780
8190
4310
3693
3610
9678
5842
4545
8255
3800
5955
6695
9733
8152
6202
7116
4703
2280
4509
6313
7394
4511
1020
4565
5103
9447
3276
9767
6280
4154
8632
6272
4880
5206
5521
1292
2972
8331
7162
7934
9438
5996
8527
3842
8538
1499
3807
5104
5001
3726
90
1276
9013
2623
1436
2724
3529
6511
144
3972
7573
7325
5504
8802
1649
9067
8172
2275
6454
4608
9220
4054
5536
6267
3296
9867
6619
1201
5659
3854
8917
7296
2424
4290
2816
756
6097
9622
3151
7468
6718
5532
6207
5799
6669
8901
9678
2919
6080
2054
7103
184
3931
4960
6511
8975
2313
8460
1796
757
6900
8519
4179
2720
701
4205
7680
1995
1358
9486
1610
6580
2022
7168
6462
5465
4030
2650
1969
116
4531
8580
8060
6128
4309
4335
5759
3240
2153
645
3822
26
1265
3771
2374
6635
6440
5460
1110
7491
1690
2923
5896
8999
6169
9078
5239
8638
6649
1543
1880
2939
7151
4669
6705
5487
7819
6803
6110
1928
47
1311
9932
3682
3073
140
2845
2298
4899
3748
6846
6510
9923
1646
8413
5332
7039
5333
2648
5756
7706
8333
3292
5472
1331
4345
6579
3363
6166
6089
7876
7637
4113
8394
7738
4083
1310
6244
9016
2166
8611
9092
6159
3410
4108
5867
1456
4533
160
8771
6485
964
8579
2514
8499
6235
723
5992
6854
5319
3511
7768
2149
7985
8060
2433
7394
8948
5957
1537
5320
4482
2834
2975
4704
7260
4432
1176
7315
2034
4483
2447
5110
7469
6265
4381
8605
312
4659
1718
3581
9408
8026
1666
7949
7560
7950
1089
9638
2542
6498
2969
2006
3370
8343
2831
2186
7687
9918
8711
7872
8397
5411
5537
1286
5687
8180
5492
7675
4783
2253
7802
4036
3772
2939
9570
7990
8838
8599
4473
6507
3170
3458
6884
4912
7810
5852
3085
1429
6011
9391
5759
1497
8051
1115
5810
3328
4802
5480
7890
5786
78
2270
6216
6123
7870
3270
2584
5205
8676
5429
8961
2203
3678
2798
9018
3095
9187
9655
1622
3504
2259
2774
701
8996
6353
2716
8317
2612
790
8588
248
7791
2415
2646
1842
5611
4762
9631
952
572
8328
7936
2790
1503
6365
7538
3130
5607
8822
6044
6903
1428
476
6468
5140
6202
2811
6858
1576
8390
4120
619
5064
579
3764
2821
9161
3921
539
6585
4592
3214
3078
266
9828
4477
5024
599
888
7500
6216
2730
9554
8869
7210
387
9472
9144
8501
1836
6822
8299
4322
26
1075
5337
1932
8036
1110
2016
7865
3112
8459
9980
5810
2857
234
1304
5379
242
3018
8887
1402
3684
9899
5199
5945
3447
5321
4149
5638
5345
8815
6461
5678
3250
4478
2569
4599
2709
2177
9049
407
2430
500
7446
766
1268
4986
6840
2662
666
5285
2547
1365
3972
4246
3374
6264
4811
8397
9460
8053
4451
9738
6959
3520
4878
1938
4222
2247
7924
3108
1624
3073
3000
1997
200
8813
7645
9585
6045
9007
5488
1382
8680
1598
7225
7898
8411
9856
9392
3899
4399
304
4700
7369
91
1553
3035
6895
7804
8519
1662
7079
3348
1867
3847
1273
1736
715
8506
9737
5502
2367
8611
490
6142
8597
5004
3889
5060
9696
6586
4026
9679
2554
2532
6036
1507
3218
5804
2862
4462
4957
2055
1680
2358
9263
4006
5160
8943
4828
752
7057
5098
7216
3024
8659
3855
715
9905
9089
3099
8912
4567
35
5906
6672
7246
849
2845
475
660
5193
4651
8249
2692
8309
9127
7787
5387
152
4160
2271
4196
7975
1164
4187
4688
2616
1642
6322
4450
5780
1371
2738
2764
873
482
2448
8222
5546
1832
4989
6594
4084
2850
5911
8077
462
6523
1592
7780
9038
6174
903
3195
7293
4474
3976
3348
4187
7083
8151
4162
6461
5462
2388
2003
44
7009
3109
1605
2472
1671
8553
3773
5295
2524
8586
3575
5431
321
3748
8548
3432
9963
1098
564
9514
2673
6484
9930
2893
3667
6561
8289
6725
9931
7670
2621
7730
3066
8723
7849
3598
6884
4358
4209
7305
8319
4451
8393
5145
7061
9664
958
5114
6409
9236
2876
8484
7922
4811
3078
638
4299
2187
8006
5642
6590
1132
4158
6060
1974
3523
6306
9224
6951
5822
9162
8564
1223
8304
7991
4382
9396
2441
4484
2804
3841
8961
6
3521
3954
3299
610
3153
6597
2260
9448
8431
61
703
3534
124
6417
8099
6808
9847
7104
6367
4285
7192
3840
4839
8059
3870
2023
5017
6140
2866
5644
4594
2013
8310
4498
9708
6606
67
4022
9888
6751
62
492
6968
2532
7507
8348
8363
843
7392
2055
4279
8356
9178
5957
8684
1548
9146
6832
325
6080
3524
2020
2852
9770
1244
5011
3830
8426
8618
4452
8206
5099
5840
9166
1017
6776
3508
8389
2963
8278
7621
5346
778
6635
1928
1983
7311
1461
1953
9073
7043
2287
215
6584
1152
6260
9999
9415
5585
6781
4669
3861
5845
5227
1398
4980
1268
4209
3395
2589
898
200
5041
8863
7016
9868
9574
9609
8732
8219
8753
7346
4743
8973
2658
7148
5123
2462
1996
5380
1452
4399
9174
7908
5163
8585
4401
6027
4607
2351
9347
9650
5491
7003
4538
7243
4893
227
9878
7446
8933
8146
1227
8795
4634
5868
2573
3903
2667
8589
5255
3173
8541
5581
2939
1722
9151
5120
585
491
2439
8156
7101
7548
2446
7168
8527
3954
1774
6504
4595
8212
8228
9398
2181
7153
568
1963
3234
63
1634
3087
1324
7667
915
6426
8460
2603
4646
1703
4945
923
8564
1910
5414
3523
1045
238
260
250
542
4360
4055
3292
3873
8815
1965
6759
4365
6374
4774
5105
1025
3370
7534
5165
4800
9121
7813
5029
968
4322
8720
1405
5594
9426
9360
6021
1122
4924
9360
9232
9663
5949
4213
3730
3291
8534
520
4356
4074
3842
7043
3405
6475
2064
1669
9863
4292
5060
1119
6513
5211
8049
312
1534
5116
7909
5313
755
2690
8556
9012
8468
5933
7919
2815
5142
2819
4626
4365
2423
6225
8737
8102
6935
1930
3959
1809
2835
8634
6690
9751
1248
8838
5120
3034
1160
9050
7807
988
8772
5623
3225
5340
3733
4433
9750
8768
2776
1305
8086
4221
6999
2225
4912
4702
8797
9783
8718
658
9872
5022
3829
6152
7794
210
2484
2096
7839
7528
4722
9567
4049
193
9388
102
9967
4670
992
5023
2915
3920
7097
5830
8148
7098
444
6438
4470
2284
6034
7599
3301
1055
9813
6972
8028
6802
4325
5943
8607
6829
6012
5442
1918
4638
921
7126
6976
9552
4168
5494
792
4622
9339
1459
8028
9787
4466
5443
5158
1859
6105
4743
8555
411
2183
9654
4106
4694
2181
3247
1078
4261
722
4844
5451
5057
7897
3204
3333
9094
7066
9852
5628
5812
9208
5060
2000
2307
1863
3426
9273
1127
2077
8814
4195
5727
3086
9601
2519
9642
5516
1365
4520
1358
8460
4563
3751
2623
7369
5608
2148
7758
603
7470
3416
3268
6752
6117
864
5614
2681
1190
1342
6084
4283
5381
2495
4163
8482
8727
1024
1496
4662
7979
6475
1821
5939
4687
5840
3458
7726
5729
5348
7168
1885
1149
3426
2731
4724
914
927
1755
9393
5275
2998
992
6236
8964
1698
1685
1801
4507
9267
4525
8801
978
1706
2318
6663
3075
5856
3390
7973
948
6805
8006
85
419
3174
6595
6676
5086
3609
2283
1492
6677
6849
4753
9015
3782
1856
9070
9685
6242
6640
9219
5920
7253
7484
3536
9833
1848
6603
5816
9179
7511
5311
9467
6482
103
2237
7588
2457
6036
8601
2431
4679
6292
5981
9537
9071
6479
4989
7162
6087
3609
9078
6807
9490
6122
9049
6595
175
4949
1205
7833
2800
9013
6268
52
9004
1828
5435
2137
4418
311
1203
2419
5968
8389
610
5950
63
7872
8019
6517
5033
2382
3381
7468
8374
6397
7174
179
3999
1493
4033
9822
7815
8681
5145
6992
9783
1512
7973
5274
1282
1789
4897
6684
567
6369
8675
7269
2737
9869
6817
4400
7203
3312
5373
6645
2417
8556
8505
6818
3391
6436
9139
1088
5985
2896
9678
4250
509
683
505
9450
6444
485
2044
6471
8507
5047
1886
5487
2858
2503
7939
380
5711
3910
4131
7256
685
3112
195
2046
6834
7815
5882
7751
5536
7884
7079
3261
943
4940
9653
2706
4371
7427
4391
9141
4250
2511
719
8665
9086
7917
3562
6152
9261
5821
5166
993
5393
9189
3768
6028
2230
7488
6006
9174
4028
7498
3853
1621
143
7903
4059
9854
3308
2459
2316
3291
6946
5393
8480
5558
735
548
5407
8620
1036
4465
5913
8482
2865
6153
2618
8067
6782
9521
8348
4639
3146
8999
5740
8475
9642
2283
4355
6133
3289
3946
942
1355
8468
19
449
4491
5079
713
8833
2099
8961
3984
9018
7380
3262
5753
268
2401
4368
8572
5385
4982
2698
1466
1755
7042
426
590
1045
2766
1378
4851
2158
7905
1223
4701
6860
6748
9979
9809
791
2120
2257
7258
914
1018
5351
7368
5891
5442
1883
7270
3800
2322
196
1473
9126
1586
5459
4602
4836
1489
2200
7263
1283
1915
1991
9056
6280
5437
4694
964
589
5301
75
5151
5898
4472
873
9888
2517
6085
1263
5090
2498
4906
5424
6283
9121
5557
9664
9405
3446
5048
8524
7047
3464
9333
3540
5621
1476
1566
4047
7224
395
8441
5942
9217
522
2555
6940
2125
6545
3985
6850
1274
1671
1867
6772
8324
6091
9265
6663
4249
9171
191
9017
5490
7121
8298
9089
8007
3226
9760
3079
4594
625
3875
5443
9491
7147
3303
96
9424
9169
5143
5548
7487
3896
3638
7329
8642
1928
5333
6315
9321
4634
2143
9259
2955
5746
8561
1831
8228
129
8277
6906
6479
7304
4514
4589
5850
2235
7058
3564
7361
5981
3479
551
1469
6440
7131
1621
999
579
1696
1724
5702
3434
5820
4580
2901
6285
5479
312
8572
4093
2679
4138
4529
5272
8266
6195
9581
4044
5291
9538
4780
5419
1872
4639
5979
4871
5503
3513
1047
4768
8585
372
4541
2525
2617
6260
4223
3986
7342
6540
5870
9894
394
2318
3209
8011
286
5980
1978
4130
177
7410
2078
2304
4911
1960
6610
6100
755
8885
3161
386
1542
9328
3871
8123
2789
9782
4487
5311
7081
4551
6595
8390
2620
8364
8133
375
3359
3520
3879
721
5443
6790
1258
5307
8112
9587
6338
182
5532
1693
2027
6041
8848
5888
201
7601
3868
1552
3492
2946
9087
3168
6859
1084
9094
8806
6541
7807
1919
8213
137
2415
4462
7488
3829
2531
9398
2184
4172
1642
4535
6722
3238
455
4504
1251
2849
9064
3024
3179
989
9585
9177
8480
6887
5801
3103
9030
8073
2815
3423
5982
6799
9050
6220
8330
9144
8673
6712
7309
5349
5425
7551
8311
752
5425
5910
2354
75
7971
7055
1878
2265
6623
6366
4411
9370
6513
9503
4519
5179
1143
6434
4209
775
6769
5693
9361
4741
744
2122
6093
6786
2368
8447
7284
4730
6541
4749
5762
359
1174
8595
9405
5529
9476
2964
675
3693
9965
5036
8119
7387
7628
4230
4023
3576
9140
9071
6309
8113
5823
9814
5144
8910
9422
269
2659
9011
7669
4268
8252
6446
461
8367
6952
653
2796
6084
6552
9101
4268
872
8119
7903
6306
6978
7833
4491
1839
3276
8608
9972
4285
6058
8812
2345
3423
8624
3991
177
3085
5682
1214
2042
7754
2001
3845
6843
4307
4239
539
9805
8708
5309
4042
2080
5942
9959
3349
4834
4609
5370
1981
1333
4685
7901
4111
5408
3919
843
507
3851
2869
423
3059
1305
8654
7502
5268
4759
1753
3353
8709
2973
9472
4989
756
6280
3098
1826
5112
5548
2100
9162
6971
7534
2236
8976
8673
152
7856
5855
9198
3859
2291
6
642
5534
7071
1337
1075
2180
9525
1332
4174
2635
175
3992
4100
6071
8997
3953
9645
7492
5708
7920
8395
9298
1102
6975
1495
8380
8759
7754
6627
2935
8068
2244
4698
5837
1085
1002
8603
4800
4478
9490
8131
4918
2294
3281
130
5589
9929
7307
4948
3533
4775
887
9563
8952
8074
3863
7918
2338
2965
9239
1293
1641
2390
6573
1586
3153
672
8852
4698
2510
7772
2670
9155
4879
3388
4695
1549
8133
9598
7806
6042
5626
8427
9065
5490
9941
6419
5419
9874
9973
8982
2982
9418
9531
514
6197
9962
1663
844
1502
5765
2935
9914
5255
5687
678
6933
2530
2361
1522
105
818
8605
5335
3881
5179
5490
1430
2693
4155
1051
9238
1425
1257
9195
5265
4232
3037
2215
3875
2360
5996
1301
7627
4696
5256
137
4745
3960
3702
8044
9306
1915
2872
3701
8741
8987
1899
4280
9227
600
2173
4492
390
5892
2668
1031
8839
7574
8970
1664
7184
8772
2745
4762
3697
9417
1903
6431
3728
550
7126
4520
8005
829
5064
737
4828
5767
5792
6378
1687
2664
3827
6271
737
5714
8702
9110
1115
808
2340
8236
9921
2929
2916
2328
2368
1924
6699
2409
9079
7895
5697
7033
4934
6383
3004
4867
4968
4881
4108
1926
3520
621
7169
7757
4451
686
9563
8960
3976
1433
5030
8523
6519
5830
3642
5350
2646
7291
882
3356
9492
2369
6051
9385
4492
8715
1131
2878
6335
2837
5960
5178
9544
8172
3257
3761
2057
4425
8087
2178
6682
9487
8792
8625
1974
2889
920
2815
8852
8151
9065
1949
8277
1030
272
5349
6784
4113
6935
709
8476
7471
9689
6971
6705
5614
1030
9670
8517
7957
9093
3936
7806
6493
943
1482
4288
7280
1280
74
4530
3744
5643
7539
5255
7820
3905
3584
6288
6446
4780
2279
5915
5823
4047
9703
7002
3990
8803
2640
8121
6838
5202
5769
4983
7024
9805
951
5621
282
8314
1081
8102
9044
3366
1046
3336
4685
4669
6663
8855
7001
1841
5556
3260
8483
1267
1785
3586
8209
6156
9610
7680
624
9793
6654
7683
5998
7253
8490
910
3668
3412
125
687
1234
7309
1644
7353
6409
9750
5548
988
4128
7484
6665
1963
7382
1277
2038
6864
2980
7523
3940
9596
3896
6267
5003
9665
1810
4709
4443
8429
9960
9180
1061
4665
8907
1837
7619
7788
9310
888
4761
2398
7202
4585
5265
5848
4090
7237
7326
5615
7015
5315
5733
8872
4433
1224
9371
7853
4030
1280
7235
605
3325
5164
9821
1704
9362
9251
5384
8490
7865
4252
9239
6292
3378
2080
439
5036
4029
6460
8288
139
9566
127
2667
3326
6302
2359
3979
3364
9083
4521
8540
9630
6793
6900
9228
9684
4424
2340
2130
8387
7457
3120
9946
684
7911
9495
529
476
6097
5517
6541
8896
3594
5169
348
7038
455
5711
8174
1420
519
1311
550
8198
357
1542
994
4497
7782
9768
2451
7130
9158
6291
4236
9888
9472
2775
8882
8952
8683
8870
4302
6294
1401
9217
1908
4909
3383
3114
6773
5597
1739
6269
5085
7159
7964
2987
3761
7543
9745
2075
6670
6928
1061
4820
2084
4305
2145
2094
7295
7969
4168
7757
9980
83
7274
5625
1927
5710
9135
9171
4411
854
8254
2415
1124
2916
3520
5523
2211
7276
3373
4427
8538
8023
5888
3312
9886
935
3173
1404
9256
9182
7620
9190
5829
4218
1873
7963
6645
4719
6569
2093
9386
5097
3766
4560
7519
5103
7421
6484
581
8888
1100
1200
9839
7499
5893
6566
3474
2990
3432
1850
9985
6293
5974
3728
6637
1941
3626
4492
9796
3533
2565
6002
5877
3552
8550
2109
7195
6695
7427
5085
8024
9239
3911
7689
8421
7251
6431
9166
3454
5531
9653
8641
9796
1086
3542
2013
2798
6901
5244
9433
3342
163
4189
8061
8192
6499
4214
5608
5910
6011
1700
3528
6834
5326
7854
5072
3946
7381
6335
844
358
5134
8067
6997
7073
8193
3297
8699
5262
98
4437
7064
8704
8956
3059
6328
481
405
1661
4676
2321
2729
6890
3853
5197
8005
3154
3812
1171
956
4194
2262
3036
9977
6134
6927
365
8430
4849
2178
7347
5278
5771
1513
1733
7265
1857
4914
6608
8610
1395
8024
3698
2190
8187
4500
272
2494
6110
7985
7923
9936
11
2610
9353
3501
288
6189
5270
4055
9373
6115
2967
6553
5136
9365
7553
6762
5482
258
1305
9021
9218
3965
3590
3681
3891
8555
7421
1594
2349
7073
4841
4095
2583
1082
1557
415
4368
8429
2882
2475
8971
9825
2989
340
3903
76
995
5001
3458
8771
1627
9044
6346
5547
8118
5793
9291
6005
6819
7268
6607
6129
1373
6686
7803
9285
9924
3285
9132
4148
9719
4020
6478
7796
7278
7443
2397
7018
6217
7417
8014
8544
4303
472
586
1085
2310
3602
1876
9102
6144
8293
2855
3092
2558
4799
7887
5725
7009
5976
3660
2791
8178
3244
7512
3756
1865
4194
4320
2587
6015
4036
4646
9214
2189
9218
7322
5098
5235
9145
2425
4472
6720
2757
8213
2673
707
8893
6044
8897
8393
3532
3154
5631
2119
4333
1259
7882
2428
8268
275
941
348
5329
3364
1245
6564
6452
8304
5292
7258
8449
410
5205
940
557
4029
2136
3757
2655
5221
7082
6187
1057
4653
7631
4663
448
7922
6753
2199
4437
940
7184
4493
4862
566
6651
2112
3561
1562
5812
5707
7293
8662
9268
5947
1045
2099
9652
233
870
2597
2445
9857
962
3279
3376
6559
9307
9222
6394
9315
994
2809
6232
1973
8916
2870
4169
7012
6865
8258
5323
1386
9491
4167
5954
9129
3354
9943
978
8070
3953
5246
8770
3709
356
3716
2947
9003
5317
2
8779
4700
8387
840
1640
8643
9985
5524
5715
8957
5471
857
5631
265
7296
776
336
6127
8921
1715
1000
2807
9154
7909
3387
7847
6104
9579
9686
8162
1645
1854
1840
1938
2403
97
7977
5288
2909
5263
6965
7043
69
8063
6445
5432
6933
8820
3307
2914
1973
5491
1837
4335
8075
7435
2381
3890
694
4672
3111
4901
5142
2289
6441
3669
2720
2760
693
8682
6589
7596
5615
7180
2023
5552
1528
6982
5236
7082
7559
9131
9466
6343
9014
9965
5119
2732
1264
4435
2542
6493
1811
776
2656
1357
128
5494
8211
1407
6336
1130
6638
2076
3608
2560
2009
3211
6193
7458
1321
6884
4070
8002
5240
6405
2473
1130
7166
2760
4812
8886
4277
6357
5279
855
9520
6743
8611
2317
7253
7397
9771
9808
619
3067
5908
5143
2901
361
1514
1063
7756
7609
5865
9055
5697
2683
6020
8679
126
4783
6387
35
8971
2569
5552
1955
6082
8148
2333
9822
5342
2775
5055
9785
3541
6510
1004
3601
1037
1998
8625
9377
5548
1183
5577
3511
3530
3092
7630
8192
7926
9065
1569
6758
6263
9603
4253
467
5330
2846
9513
7627
3982
7170
8888
8566
7887
2656
4398
9022
5589
8772
3305
1416
8608
9066
4526
3877
85
8744
7088
3515
5190
2064
5336
2846
4330
7562
5455
1471
4789
7470
1069
6610
6705
1174
199
4143
9923
4917
5474
3307
6922
5015
9674
3666
5967
5386
9352
4391
5887
3257
9302
6368
4232
1524
3100
6480
9949
3308
4307
3592
7736
879
7002
3610
7801
5100
5288
3425
9526
2601
8300
9839
3050
5767
5793
5131
511
6285
6841
4257
7304
4336
2751
6892
8632
2892
202
8239
9099
4948
7602
9551
167
42
5680
809
9357
1666
9294
9323
5629
2659
623
9464
8240
7763
6399
3696
4679
5894
9258
4441
3247
7396
2009
6785
5262
1245
7275
7437
303
7698
7591
8689
7712
5044
9393
6105
4013
8811
4538
9583
3638
9142
2653
1177
9786
3989
3313
3688
4124
6790
8244
2195
776
7447
4698
4303
551
2052
9345
1210
5682
5787
8424
3539
3012
731
77
1290
1344
3416
5500
8591
4344
6011
9782
1819
4650
5363
2441
4109
2162
3986
3623
4259
9224
9903
7353
1451
8166
4214
206
1267
4025
9172
9642
4391
6442
663
6695
552
6072
9113
4257
1308
1853
2151
6763
5551
9602
661
4621
478
7579
9207
4270
153
4674
346
1961
6891
3731
1630
7229
3728
8606
9042
8331
4593
4912
3433
9408
8705
4144
9599
3874
4458
9052
7383
1404
7021
9038
9144
8795
1747
5673
7345
8863
441
8952
3441
8169
4368
3570
3663
6513
6838
8791
6572
7182
7326
1191
2629
7362
4564
2456
8899
5106
2740
1274
3015
5335
4889
9658
5711
312
3346
8497
2937
8717
930
9603
6800
4181
9043
8583
5277
9266
7721
2004
7507
3938
8660
9724
4410
5838
2121
1854
1108
2040
7585
5585
2402
4252
4711
4123
968
8882
4712
6749
8827
8483
9303
4323
3963
3812
1089
9460
7999
9667
679
6943
7797
8497
7880
5471
9154
8326
4391
463
5360
8023
4115
8667
7533
7415
4620
5815
5491
1968
5647
3081
5525
1202
5582
1510
2786
2050
9784
3531
4471
1825
2903
4802
970
6824
3936
5303
1744
6223
8760
3802
1483
4216
5107
1662
6956
9889
7002
274
4191
2256
7476
8997
6271
7146
8262
3902
4880
9907
5099
2336
3645
6795
1642
9413
4985
9740
3171
3275
7830
1490
3327
3718
650
7124
3362
1000
9726
8174
3659
2463
3037
9446
5699
9648
4184
632
4749
7549
8048
2907
4143
7100
7059
374
2351
5834
9948
2042
7501
2527
8424
5710
7305
2433
4366
9063
2672
5301
6610
4536
3593
1360
2477
4175
7399
929
6868
4592
1339
5506
4916
1467
9480
8048
211
2127
2807
9313
9050
3887
8280
5696
8659
8241
7773
4063
1506
9818
9268
577
9745
986
5747
6961
2646
9437
4667
266
5945
3426
3725
2517
9191
883
8062
6354
3615
2184
3854
6758
2821
5296
5038
9590
5064
6187
6173
5918
6378
9342
833
8929
1503
2082
4658
5464
346
192
4201
1993
9856
2331
6047
774
4672
759
2638
8189
420
4044
7914
3647
8829
3460
2338
4330
6905
2414
1945
7792
6300
3129
6435
9553
7922
4012
8029
9673
8901
7006
2126
8426
9268
4537
4781
2985
3504
6369
5451
4641
1575
6192
9724
7523
2959
7591
7366
7570
1815
5274
2645
3437
5159
1848
6315
8309
2185
4794
5335
3940
3063
7712
617
6670
3867
6395
7446
3525
4383
5944
312
785
5133
4179
339
7215
3862
4630
4150
373
4081
5394
3070
7569
51
8055
1872
1553
7643
4719
8168
7887
4587
3158
9621
8915
171
8092
9923
3832
6178
2277
8499
2503
4027
5310
1002
2445
1702
8092
1243
9044
4264
1339
3536
4013
4543
836
170
1846
1337
99
1347
1351
4821
9188
5890
2535
3633
4066
4825
3252
2258
8644
3161
1943
4232
3310
3753
3001
3548
4164
5697
6292
6718
7902
6139
6311
8322
2395
7328
8045
4671
5025
3722
3210
710
8596
442
3975
3046
5503
97
1477
1170
8825
6327
4001
426
4887
78
7224
4445
4491
933
764
2285
9721
2790
3140
2805
924
1856
2626
6349
2795
6929
4181
9024
5442
1530
3085
422
4904
1874
3456
4441
3392
8964
5497
9456
6711
3339
2284
316
5365
3781
3403
9573
3798
8414
8392
2580
1366
1231
8981
6723
3783
8958
5598
9401
7718
8375
7806
4938
1676
8757
8922
8077
9009
5424
249
328
6503
4933
9073
8036
5343
2745
3195
4490
3524
66
2461
8429
4620
1065
2532
6651
1239
5726
2246
4325
5224
9160
9619
4054
5406
9127
63
3090
8022
3167
5301
5933
1432
1200
3554
9103
9944
1545
2180
6403
733
160
6595
9983
2767
4495
52
6026
6245
3608
6130
9860
9307
8381
1009
4129
5756
6803
9400
2457
9789
312
3876
2049
1468
7691
7923
5206
869
4906
82
317
6991
8169
1418
864
231
6365
8402
5903
5211
1833
1663
7310
5066
6057
2415
7481
2857
6878
7847
7243
3966
4213
3929
7485
9526
4789
8512
8625
3290
8250
6084
791
5603
7415
2074
939
113
670
3490
5541
3168
5149
3657
6928
2904
8481
6700
6895
5541
1159
9599
8583
9939
7005
7880
6078
2100
899
7937
71
3720
278
3818
1852
1472
4301
8716
9426
1207
720
9685
5201
2681
9354
8572
9430
7082
1035
1721
3081
1702
2911
435
1330
2314
8217
3598
5855
6496
1489
9531
4533
1153
7305
4559
2650
5795
5208
3175
458
4471
3620
7750
7900
7085
9742
4702
715
1041
8431
8997
8391
5927
7856
605
6362
4036
7554
4250
8423
3127
4579
8173
6855
7635
4613
7766
5423
9716
8736
5723
2496
859
5850
5626
6653
2685
942
3812
1266
1170
7675
2532
1961
4483
7817
6827
271
9988
4460
1552
741
9895
2405
9158
1986
4247
6102
4131
8478
690
6920
8455
6056
6962
5750
1996
1998
897
6891
1514
8915
7336
4979
7774
41
1222
8133
7968
224
8900
8095
2376
4752
4419
1058
5463
137
9944
8800
8136
3268
6999
1656
1373
3420
1709
9960
4388
7195
7007
7319
1047
8484
7474
1381
8575
9531
1522
5283
3053
322
2647
2458
2389
3583
7505
509
6479
2428
7380
1352
3436
472
267
5121
9841
4353
7253
8454
1178
4288
7932
16
9432
7153
6358
5373
9960
6023
2517
1830
2806
339
9647
9454
3768
8292
6436
7359
771
903
8520
6677
2638
6845
5933
9299
625
1959
7350
8765
9481
865
9503
2424
5434
3611
9909
7485
7013
7431
461
9293
135
2361
7819
5540
1740
6358
7062
1730
5427
6982
8366
2014
2168
461
6852
3990
9976
9183
3818
2487
4133
9702
9830
5598
9743
9918
598
4534
8086
3526
7364
4665
2252
7109
8003
3017
8703
8869
1536
7437
2510
1850
4254
9889
6747
3392
1576
963
3070
924
4212
1541
2707
7989
3906
4075
5294
7199
8664
4829
8286
8879
1042
1376
6055
3522
5536
7255
9400
8116
3353
2789
8809
4545
9519
268
909
7246
5875
8810
7059
4154
3806
511
1510
9322
2504
3822
2005
9451
4116
7771
3350
8711
7461
5997
1408
4840
6656
5803
7518
1776
2620
9248
7747
4929
4189
8861
2200
592
2374
1924
6359
2504
8964
2111
6274
952
6920
6943
3221
5206
5926
9668
9206
5639
9176
525
985
4596
4681
6859
1327
5860
1551
771
5120
2501
3662
4480
5496
828
9230
2491
8021
1909
9479
2992
1501
6840
5503
2757
2550
3970
6902
4460
6712
9761
2269
9197
9468
1741
8599
2345
7674
4835
1779
1733
2028
3017
3161
4704
9174
4062
7371
1777
1931
7382
3233
1246
4932
3680
9576
8604
7136
4086
9685
7959
9177
6406
5639
6439
8254
2508
5706
4317
1842
1267
6879
5009
8021
3468
7389
7326
3702
2
1758
5221
5263
7969
6697
6709
7698
6801
1998
700
7207
4940
8090
19
4908
7604
7699
3099
8837
9871
5874
967
9428
2252
1426
4408
7596
8424
6576
8010
8733
2380
4479
9872
7661
7783
7748
5772
4517
8693
785
9460
441
4344
4767
5954
7402
7722
9670
8598
1972
8867
4493
6033
4259
4429
6977
7143
837
3284
4663
9664
9035
7851
9216
3351
9792
3146
4732
7790
872
8532
8757
6380
6738
9177
9673
9500
891
8424
1014
3223
665
645
4939
5042
1685
8290
898
1689
9567
8290
8711
2798
8690
9865
5746
1061
9929
5698
4690
8488
1116
3851
3770
3837
6673
1549
6070
7897
4875
7567
1470
660
7414
348
2072
6233
857
904
3869
9208
4152
9384
7012
324
2381
5287
9759
6660
6985
6843
7685
4404
8787
7110
7208
3203
4936
1097
4835
2900
2936
9087
7019
962
2901
8300
7211
267
1810
6148
1987
3786
8982
1746
84
35
9028
5064
231
9746
9483
3080
6936
3486
3939
9898
338
986
4838
2611
2323
4476
1577
2449
6790
7409
7781
9990
62
6979
9664
9244
2673
6373
5039
674
9606
1640
7366
4776
6401
857
4582
1882
564
4716
350
1448
6270
2767
8573
8989
9088
1723
1980
7682
4013
611
58
7007
1621
4787
2224
6033
4826
3838
4871
1576
2343
9744
258
4019
4757
2662
9113
6571
5627
1028
9338
9224
3772
5921
1549
6670
3153
1854
9205
4515
4711
3406
527
4631
1144
6610
7506
562
1575
5677
1094
1979
3725
8476
5557
5989
4269
6042
9428
7236
3555
1059
153
1851
4130
2986
8820
5698
3073
1464
2101
5000
5870
3754
9088
5294
9932
3295
3945
9310
4559
425
1764
2583
4277
6708
7521
3416
4666
741
2464
2231
4947
9544
3269
731
6732
3882
7719
5990
3697
7511
9124
3680
7200
7733
3216
7470
5682
553
9162
8720
4214
8473
4594
9287
6182
205
2672
5797
6885
8390
4253
6531
630
7363
9517
4886
9801
7492
2198
27
397
6861
1693
7776
8222
2029
7085
5577
6897
628
7963
8247
9978
3590
529
5507
953
8295
1576
2450
9255
2545
1143
6269
1741
2376
6674
3858
4051
6325
4031
7568
4490
4155
8198
9111
9284
9333
2596
8119
2205
9129
8363
1579
4448
4665
813
4511
5307
2868
6452
6527
3077
9205
4771
2146
5661
4860
9283
8422
5090
3681
6423
5876
1783
2768
6816
6587
5757
192
1677
6328
5228
1099
4806
5470
3446
4301
3607
7761
6901
4889
3933
7432
6116
5756
6726
6538
9790
7496
7915
4966
2148
3804
1092
451
4551
4970
8718
6448
4931
4325
9907
2810
6516
5669
1226
8695
8896
4356
6245
8799
7971
8984
7432
7333
7914
9769
8617
1323
5942
1093
7497
7813
737
3207
7232
4755
3817
9412
5407
9093
933
3162
1997
7825
1912
8312
907
8526
3123
7924
9275
8134
2182
496
8861
1927
8009
4542
7445
8244
8641
725
3063
1553
694
5882
4902
1096
1540
1069
3692
3457
1298
3748
1122
7870
6243
1236
3343
2153
640
6476
3245
4008
7461
3663
5455
9408
3815
5953
3462
133
4320
6842
2834
8362
3932
9360
5366
1001
7225
7306
1365
6791
5968
9400
8996
6239
759
9292
8270
6263
8597
6863
2649
1104
3762
6282
9899
2171
9230
3036
3437
8159
2154
7917
9892
3108
4989
6609
7368
4293
673
4921
1711
3836
3138
1954
1673
481
8504
1272
2855
8139
3048
5744
9594
8598
2355
7247
7741
7641
5049
8432
4537
9679
2150
2811
7934
3697
361
725
7328
7630
9948
2968
9418
3578
869
58
99
9782
7596
2803
4412
7675
6123
8719
1848
3785
5813
1580
6171
9917
3780
8816
5335
4308
489
2510
1328
74
774
8326
1050
670
1639
6169
7525
5094
7025
2048
1172
103
8654
9969
2423
9004
4971
8101
3467
5899
8130
9416
8594
7746
8581
353
1726
9882
885
8467
8950
954
2638
5337
4872
5808
5089
2883
8105
6050
6271
1456
7439
73
5659
978
6442
8951
261
7057
1629
5337
4898
3993
7786
7482
3105
8577
3729
990
7535
6926
7987
1080
9051
9945
2450
658
8181
9000
7836
1447
9738
2206
4393
2963
1448
7579
6253
1949
2344
7384
2329
6117
7151
7576
710
9630
5541
154
2102
3220
87
8105
6791
8423
662
2898
9031
2976
3730
6118
2058
649
4115
3341
8843
1290
6597
1345
3162
78
5263
8204
2342
6894
9884
7836
2507
382
2289
1385
8584
468
3159
2146
7479
9328
3058
9785
7709
1859
3643
2001
7912
5859
86
1274
1542
4155
2188
4508
5359
454
8103
3085
7795
1920
9127
2910
8037
6895
1311
7848
9631
9613
7201
528
6172
4627
7310
2790
8651
5741
8509
455
8538
2096
640
5958
5256
8258
9230
97
7219
6134
8891
7872
7444
4883
9596
5416
2216
7887
6669
1036
9391
7708
6402
961
5664
6003
7654
4622
9075
5772
6620
2225
6576
5747
9014
4637
3879
3128
4955
4846
9163
56
8422
1434
6563
4469
172
1127
9173
2137
3176
3961
613
3248
599
2269
9540
341
1281
1816
4524
919
6482
147
2721
550
371
1983
1160
5379
2668
7309
6234
4991
9251
6677
4874
8699
954
7986
915
7621
6812
98
5096
2690
2180
2972
2958
4116
3653
6939
9692
1825
3842
500
4946
2140
6495
5065
5201
5247
9716
486
3842
258
5817
2608
9800
2770
2823
8453
1232
5297
254
3363
7908
1664
9955
1311
1905
7697
654
8176
7152
3450
1156
6892
7536
1958
7292
5549
1986
9882
1699
2323
5911
4835
8793
1770
5884
8532
5462
6853
8460
9729
3014
5551
1196
98
2789
8010
1368
7372
785
639
7240
4854
1611
6907
1777
4259
649
9366
3008
6120
5086
1738
564
5490
8323
5205
177
9122
3391
446
3635
7663
9157
550
3021
8404
899
6468
5158
2624
7387
6637
8341
8050
9511
437
8068
1387
702
1323
7212
9083
5944
7210
8547
5083
4350
8315
7626
4752
721
6042
6266
8233
4163
8120
4321
7439
9193
9996
9370
5410
4845
3947
1024
7818
6519
8984
1345
133
8743
5249
7316
3697
817
5269
3074
3751
8247
466
4461
2827
9762
4426
9098
4153
8578
897
3281
2063
9779
807
4263
3989
6024
3568
6407
6444
9822
5059
5662
1161
4156
3727
9439
1070
6152
7931
5205
1851
1170
6183
1829
4533
1899
8352
9601
5168
6165
959
6343
9086
9243
9855
7681
8162
8180
7310
3476
2051
3063
2563
600
1909
8513
1965
8497
6594
744
3085
1966
1948
7766
588
9561
5918
3737
8781
4117
7452
5823
2789
6758
6340
5765
850
9367
3449
8842
8496
7716
4999
1631
1604
6087
2185
8088
8951
6926
486
8182
3096
579
7501
9703
3819
3939
6839
8836
2613
3780
2332
2367
551
6079
6854
5685
9508
2626
6589
525
3541
8722
1413
1866
5712
8009
5336
9039
7426
7452
4266
2403
5360
1121
1795
4657
3795
8267
6831
2250
5899
6929
5995
1352
7907
2639
2834
8492
6642
5565
2243
277
6641
8974
699
4459
232
8989
2730
9262
6288
5204
7259
3483
3855
2380
2376
6782
866
1564
1138
8054
7189
5942
7922
457
1023
5471
7524
172
4479
8015
5976
701
7211
1070
6495
2319
5223
6572
3786
7653
3996
7377
6052
6673
3304
6271
1910
5788
16
3183
4580
2588
4354
2216
559
4107
4223
7502
1165
4993
5532
1247
8022
5187
8318
1340
8246
2126
2686
9294
8117
2217
8221
882
4607
280
2166
8002
4885
5355
1955
1407
3966
8663
5603
482
8978
6276
1021
635
2341
1534
2878
4614
3781
9763
1968
1823
4942
1167
3879
844
6793
4124
4716
3080
2681
5096
8254
9015
7200
8132
3521
5567
5408
9038
7475
9637
759
3043
8575
2889
380
946
9331
7805
2187
4546
9454
2485
5084
4282
8869
4385
2273
719
2075
8176
2155
1741
2013
8076
4493
125
6273
1144
1808
4410
4271
2992
2602
7697
745
8421
4546
9990
6696
1999
9525
8318
4474
8994
827
7157
7625
2874
1770
6234
9298
2094
365
773
6651
7618
6169
7746
9028
1359
5722
3670
6093
2490
2855
2361
608
9507
4876
6026
2316
2052
2559
4908
1238
9427
5738
2104
7135
8008
4839
4844
8013
610
2640
2472
7312
3287
3531
6492
8652
3140
2215
2577
2675
6924
7609
9426
6194
4653
6286
1755
1061
3822
8581
4833
8068
8919
225
3001
1502
7986
2166
9165
7393
1566
7711
7570
9842
9446
466
7363
705
722
2061
3100
4653
1223
1604
1463
9369
6238
3939
770
7424
2995
2200
3545
3741
7438
8989
5985
6680
4617
5818
6349
1248
4202
6606
545
5321
4555
6681
6894
2993
6943
9527
2404
7418
5970
6075
9981
7231
4844
9402
4571
5279
1624
6820
3437
1316
8414
7967
1819
5999
4500
5339
347
4353
1435
6208
7994
2706
379
6653
6065
8626
1572
8199
3212
8407
914
2918
8326
715
3698
5517
2235
5071
3336
3318
4678
5581
7810
9767
3118
2677
9510
7945
8607
4426
333
2808
2989
1339
7305
6049
1742
3679
594
7686
5317
9132
9003
6633
3558
2521
7204
8419
92
5280
6728
8544
6639
18
4181
451
6408
7618
2834
2092
3135
9611
8771
4138
8654
8704
5104
2574
5782
7696
3098
6950
7551
9934
6033
4167
403
9373
5499
423
7909
3652
4800
2666
6145
2822
8792
4116
9883
1935
1505
5610
89
7990
3200
3919
5723
5222
8278
430
9815
1087
8040
5599
6241
1801
3379
7245
3685
5135
7991
2699
1235
4631
7845
4243
8533
8627
4406
1284
3526
8787
9612
172
9720
944
1733
6334
3098
4640
197
9075
9859
119
4907
7499
8894
3551
1961
6162
6760
3928
6894
9455
6299
3383
3056
9545
644
4976
1994
511
9022
9730
8295
7105
6843
844
6824
1229
1000
6693
5014
2913
460
8562
8922
9565
1754
6574
7326
6210
5668
2139
1632
4123
7609
863
8529
6260
8852
2843
6898
9696
9470
6922
680
8937
3456
1506
7614
2859
2638
2208
3409
5829
1042
1829
8634
6540
624
1043
8252
1032
3947
8428
6030
484
8689
4398
223
8893
7604
3779
9418
8398
4102
9140
902
3783
352
5252
7566
9275
5258
2297
2831
696
1764
7781
1376
2731
2010
4004
9184
9918
916
7578
1663
9267
6107
3799
4676
5859
8513
251
6973
3697
2610
3524
319
6318
1527
8013
5731
4608
3930
2505
619
318
6224
9331
2423
2520
334
9775
981
3258
4825
3903
8737
2794
9539
4342
5362
1820
8091
8572
1882
9093
354
8844
4235
199
747
1071
9382
5237
3961
4885
4781
8107
9078
7584
3292
6663
7021
1584
7503
2999
6719
5248
9955
3958
2856
1664
7100
4788
3711
4111
3192
9980
9963
3253
8986
3832
4511
7999
1533
2581
7285
6199
729
8723
1686
8947
3035
5208
5224
8661
5857
6221
77
8000
4461
2801
7614
6383
2363
8478
4875
5648
5403
9332
7140
1103
1901
5864
3889
1070
9762
2611
2168
7079
6708
8262
4132
5426
6451
1469
9924
2351
6587
659
2070
8845
485
6795
6118
6640
6992
1190
2254
7368
6884
3034
1786
2742
2844
7624
4200
3682
4087
2434
7083
4753
4708
9656
385
5467
5985
234
9484
9506
4411
1014
5629
6725
3439
9723
5575
4573
5295
87
91
2732
2272
1333
5708
2621
2921
7795
792
6730
8193
8621
5600
4565
8394
4827
199
6315
8316
2490
5794
9354
4522
4710
9724
4488
3017
661
733
605
5771
8901
8679
3584
4940
8240
8521
5348
1900
6431
4971
872
5966
5565
3893
318
7198
8861
2358
8948
9571
5509
8730
1097
8115
2841
8135
3370
1953
916
2141
8191
8780
8087
7345
2853
9055
2497
2654
3203
3173
8784
3224
4756
5221
6081
241
7381
5559
8338
2882
9137
5232
6773
9740
6056
6140
2013
4694
9642
5195
4668
9440
2041
5775
6366
1665
6718
5140
5295
6368
216
3609
498
4622
6575
1026
4533
5026
5341
5528
6785
7616
5804
2285
1184
5062
208
9608
854
8088
1430
2652
7392
2111
7875
6646
328
9953
1248
3714
415
9298
5219
2836
9302
4675
6851
7826
5032
3230
4839
7445
9164
7319
4661
8277
3550
8380
1234
9309
6092
4632
3266
1330
938
3373
9237
8403
898
4663
1275
720
2613
8956
8616
3717
722
8669
3312
4117
3529
4071
9854
6543
666
1766
9257
9185
9935
164
8397
9253
5967
2244
8409
8469
6360
9405
550
3134
7181
8644
6719
4259
3696
9007
8779
662
2761
6818
4296
5469
3669
4689
9587
4948
8413
8203
6964
6942
49
3343
5891
2849
8967
2175
4769
7742
235
4024
7483
1781
9672
9461
589
3190
942
4121
815
5939
4648
2912
8597
3553
8463
1428
9612
5420
7419
2061
9604
5562
7361
1332
6209
1853
460
8331
563
9301
653
744
3409
1069
4076
5520
7960
7199
7294
5910
8130
4060
3877
6297
3953
7509
1826
2467
2575
4671
6297
4741
5786
6832
8365
3586
6554
5881
9479
7925
1876
2340
1334
2721
6012
8798
9788
9480
3291
7396
7642
7591
8975
7618
716
3475
5967
8268
7588
492
6157
5119
2571
7760
8821
6373
9551
2189
3518
3057
7351
6743
9205
7375
4632
6513
676
9345
2527
3604
7730
5850
9104
2444
3242
6028
7404
3900
7609
3546
7425
9242
2310
5032
6274
2268
4630
674
3967
9388
5234
7394
4
7320
3682
3705
5774
4188
6061
1465
6812
2386
9395
8129
1695
6668
2302
15
6984
1962
5078
8955
505
1163
9952
6563
1477
5445
9011
7770
3715
7526
5943
2230
7960
2116
7095
7779
5490
3659
6733
7753
6962
2645
37
2848
6988
1510
7048
1654
7809
4098
5099
492
890
1143
6942
7587
3733
926
2848
4793
5044
7518
6221
2524
2474
7389
1396
3599
7667
7927
9135
5206
1281
2071
7870
8618
1329
1182
101
8597
4771
8985
6143
4250
6269
3526
3117
8
1284
1851
5593
5483
37
3686
8776
107
9390
7912
8366
5442
7984
5543
8506
4655
9813
947
7511
3879
1386
5768
5900
1789
5005
9761
4213
9311
2134
8079
5996
5891
684
4579
188
8119
5652
4107
1906
5564
1459
2969
7884
403
4760
4881
1451
6555
8620
7207
3134
5107
9587
7466
6845
138
1551
4859
4199
4204
9100
3221
4014
1289
1046
3197
4699
1193
9700
7942
2034
6220
8212
5937
6711
3251
2005
4485
8571
8910
7786
7024
8262
3515
3342
8574
1162
8633
3592
6505
7348
2797
9291
9771
2816
1129
8304
2137
7394
2421
51
96
4852
7349
3649
2646
5832
6811
6245
6773
2059
6987
1589
3350
2164
5721
4879
5286
9876
1679
1223
9728
7836
3579
4135
1194
4422
4966
7983
9645
6495
9181
3075
8883
6003
9149
9331
7122
8016
1379
3750
1613
9915
5102
6759
1603
9907
3542
4246
6107
5493
303
8579
6856
2593
973
477
3697
3412
8960
8380
7416
1635
3032
9606
7417
7591
4380
4115
1931
6707
5386
1588
9975
1560
1538
2349
6574
6250
100
1228
7501
3854
9334
3661
7246
3786
1890
6787
949
4146
3818
1243
4268
7391
3576
5088
4889
3072
5478
1771
2886
1412
2875
294
3281
1304
5636
6257
8482
6176
1475
6583
4703
427
9950
2167
2779
43
8562
277
6722
690
3726
7376
3856
2861
6267
8739
8731
4155
7949
4272
3658
2731
5511
1124
6713
429
4968
1272
84
1547
479
2054
3725
8578
5062
4864
7424
3105
9327
6664
2758
8087
3599
2348
3584
7921
9378
1321
8101
560
2859
2756
7641
7884
981
4585
7269
3806
2097
6984
3442
2322
5742
783
5408
5513
7022
3351
4282
7860
8777
956
6891
8589
9003
320
5198
4200
1598
1474
4309
2369
1274
6747
5024
9251
5077
5884
1069
2849
6422
9571
4008
491
922
5449
4042
2874
7625
7861
4539
9799
7983
5991
8779
1038
1010
4828
9674
1225
8185
1630
8692
7392
6315
374
457
3455
7089
7985
4402
4842
9927
6932
5298
5840
171
2132
4588
2528
1088
747
2221
3735
7417
2746
5782
6329
8359
2611
2313
9338
298
3399
7307
6591
7773
1831
8003
9998
4941
5827
4226
7790
7538
2829
9982
7984
5347
2682
2128
4139
4289
7820
7593
4808
8389
9873
4818
9603
3468
6560
6857
607
4965
5143
9057
1530
7665
9666
2268
29
4450
9816
8978
718
6204
3330
3527
3563
8207
1620
2463
3440
2315
8381
744
8908
1052
4117
9152
1003
16
1471
4934
7157
7154
4176
5485
7036
2221
5250
6016
6616
820
3850
3957
5404
9767
1667
519
7703
2649
1000
1170
6041
8174
7606
6913
3649
2813
3161
3552
7980
115
5219
6714
1857
4683
647
2307
7228
740
9271
5744
6633
853
4633
9814
1485
6050
8959
6207
3851
2278
4023
4971
904
7200
9525
5594
4239
8591
3304
3955
2312
2148
9987
4973
1496
5859
4081
4411
9097
3665
818
503
4899
1903
5536
4384
4973
4966
1343
2311
5294
589
1237
3064
9784
4754
5157
346
5721
8603
5430
1019
4017
8752
1684
4039
3512
5136
9068
9179
96
3885
9210
4159
155
839
5610
6854
239
7448
6201
8959
2530
5000
305
6266
8289
3673
6624
7758
6335
7112
6237
859
3114
8817
7163
9740
393
1350
7749
7422
5511
6169
4478
5584
9826
3123
7040
720
8680
5314
2814
5022
2038
5630
1238
8579
9749
460
5778
6569
7900
6453
2349
6932
2989
7274
1475
7919
4907
3688
763
1153
7814
1980
5074
7276
3386
7930
1923
1449
7239
4476
6432
1841
4889
1593
8841
9362
336
646
4906
8811
9471
2445
9616
285
8551
1202
4088
3344
2577
2279
7271
3817
362
6849
9670
4722
5037
8553
2650
657
9519
710
6008
8720
8173
7476
5451
9415
3930
1865
942
8026
8271
3168
874
7038
538
4907
5605
5931
3750
2991
1450
5029
2539
8123
7022
4892
5900
1952
4152
799
7288
5650
3254
2390
3238
445
987
7160
4522
6111
3826
8136
3996
7781
389
3377
6469
2896
282
2634
4734
9911
9634
9726
6926
9228
3142
6888
3892
6507
3443
3925
3206
1170
341
1492
3098
6240
9019
9875
4717
5790
12
9287
2884
9803
3101
4658
3929
6026
8609
7422
8093
1096
1998
2035
1385
9365
6190
2994
9186
5041
1286
6325
398
3773
9818
4187
407
9992
7870
6300
4022
6355
6901
1435
1920
3873
2396
9170
4788
288
4964
8215
7664
794
1961
8864
7735
3156
8544
9288
5049
3394
9126
135
4971
4956
420
8523
8047
7075
2849
2652
588
822
8171
8462
6011
6697
5141
6602
8116
4591
6664
1887
993
561
602
2943
3041
6628
6271
8318
4911
9062
8498
8926
3498
357
9213
6711
5410
5397
9648
9759
719
1961
4547
6769
2145
434
2767
3952
5839
600
2726
1513
5218
9154
8923
7270
3011
9136
3669
7223
5564
7514
8875
2611
4491
7489
10000
2948
384
3225
4775
1899
2739
4488
3630
3357
6869
5705
8994
1474
7828
6821
670
4303
8108
2378
8179
2657
9449
4884
1340
8445
6351
3907
6224
6820
6294
3933
3830
8566
9153
285
8843
74
5639
2729
8504
870
5960
9254
2802
1249
5032
1598
9965
5552
7072
7259
2972
1911
2882
7191
1203
5686
8924
1229
7584
7795
8850
9260
2873
8972
2257
8159
6023
4315
2643
8066
8830
9677
6594
3263
730
9460
6681
7410
2390
3730
5704
5972
2817
6265
1767
8835
4657
1941
2860
9726
1857
4584
3567
9337
1714
1374
2503
2735
5148
7019
5647
1956
3962
9785
9252
454
195
8720
2114
3561
7715
9266
3978
3170
1469
9109
3332
8101
5205
4188
4934
6104
8454
461
7705
7270
419
5755
8333
946
6133
2259
9890
1497
2795
3810
2318
8521
8262
7432
5417
1527
645
48
9004
5718
6572
4700
3080
9079
975
1870
5456
5991
3206
1393
7696
9877
8738
5961
7992
3568
7297
9673
2190
1144
24
5682
128
6303
8714
6332
7256
523
5339
8023
2268
791
3678
1797
7856
7055
6979
4672
2329
7979
1919
142
4597
1140
4694
4388
2320
6729
7819
438
4987
9102
228
147
5366
5022
6883
9287
7021
4766
450
9064
6642
4425
5560
3156
6055
1978
5074
3620
5562
5008
2390
9936
1306
6214
9991
4511
8987
9531
6206
8145
7923
9994
4045
4196
2806
3976
4227
6716
3642
2691
6515
264
5346
187
1321
4354
6640
1330
9130
3880
6595
4439
7167
3802
8254
9559
6399
291
3608
104
5364
1812
1481
2650
3166
6660
8792
1878
5254
7287
2547
2721
573
6815
266
5056
5960
2767
6724
5554
1225
6413
121
9604
9604
458
2909
5289
8079
7178
7341
6664
868
34
1284
8802
3661
4839
8836
6466
5110
4384
8161
9275
8205
3110
4733
9000
9711
4552
2180
8052
2446
7817
1576
3259
2803
1062
4071
2191
496
4013
2535
9206
1808
3262
90
2950
3986
3495
9794
7468
908
3124
932
2981
6815
2510
144
4572
5919
3812
73
2791
1176
7164
1719
6852
9315
3807
9447
6041
7714
4509
5386
6093
7413
9327
1025
8925
5495
5940
7854
9425
2929
4287
1894
2336
731
5132
1097
8123
1403
3590
1936
2768
5902
9533
200
5637
8926
4589
2423
9088
5840
8328
5657
744
3834
4744
2938
3256
5551
9222
8340
8647
6291
6567
2469
8160
6422
331
47
7402
4
4284
5947
593
2482
2377
1525
5003
3224
194
4430
6862
1884
5322
9369
9581
9518
4561
4374
3904
8286
3328
4961
6080
9922
3584
496
5204
9912
7568
3363
2506
1201
6875
4217
7592
5038
2289
969
1474
496
3773
8430
9503
811
6383
3358
6776
9704
9598
3303
2829
7164
6587
9907
5223
2947
1053
5531
1632
8252
5848
1493
8248
9571
7801
4506
9692
9322
9639
6353
4238
7990
6944
5206
7902
3977
1061
1888
3803
4493
7377
4780
7708
387
8094
4514
7146
4982
2425
5986
7531
1382
5369
62
3342
4379
5643
2859
4406
2511
6070
3524
4828
5139
255
4265
9407
4035
2062
5106
3983
5452
2582
3526
5386
7279
5744
3861
1280
4991
1262
9492
9461
3530
6828
1426
2972
3662
5699
6576
7791
2566
6772
5517
2301
9574
1302
7057
5371
7012
3330
4918
410
7972
6534
2254
7840
8715
5775
5497
9527
3914
9314
1320
3470
1588
6375
5880
7574
2808
2558
4214
4847
6791
2081
4913
6208
688
8346
1487
3891
9420
8198
8240
5156
773
3248
3698
6660
2857
6099
376
1494
2802
5266
9087
9337
2115
4983
3907
7965
7215
4196
1987
1771
1773
7933
3623
2410
1391
2341