637
604
769
676
704
698
53
350
215
741
973
813
541
364
455
716
518
713
539
292
614
873
861
378
761
999
348
687
544
702
261
146
529
635
810
109
385
129
174
384
45
248
861
828
251
472
145
214
137
828
280
883
456
995
179
878
80
528
677
522
906
926
927
175
587
455
185
589
538
877
545
26
214
632
403
471
289
529
608
550
572
385
483
387
851
586
873
909
342
348
709
953
332
583
825
99
461
919
905
859
429
322
999
779
296
259
437
845
934
202
956
611
157
644
678
949
421
955
465
723
630
904
618
394
376
831
662
906
883
594
809
449
935
534
765
181
232
706
5
155
357
990
839
418
453
181
410
362
763
958
648
523
747
89
261
580
177
409
563
563
859
521
834
986
847
696
406
870
799
932
781
247
684
902
65
103
939
799
828
607
340
500
265
14
537
966
349
296
884
584
342
105
311
644
354
737
54
720
856
615
390
879
372
227
490
119
792
392
483
907
697
434
542
2
323
151
872
463
318
119
693
77
709
181
235
392
232
701
113
888
503
556
564
174
387
523
847
308
200
892
640
66
194
374
792
380
337
855
880
979
327
796
105
382
443
82
624
289
864
296
414
102
66
881
446
605
258
530
872
216
552
793
663
409
123
805
279
560
137
586
11
655
927
215
394
560
340
74
527
453
819
422
485
659
111
494
368
44
139
871
526
674
639
324
943
705
250
271
424
976
169
555
689
791
512
920
600
626
229
359
246
467
164
387
856
979
863
340
169
53
465
904
215
129
512
557
567
774
32
393
732
465
643
951
916
419
970
593
720
23
637
406
105
837
494
551
278
624
846
885
991
107
936
492
468
681
583
521
378
787
1
417
395
685
435
271
9
621
987
160
436
380
562
117
600
834
466
7
357
248
654
961
254
508
282
795
249
452
591
205
6
134
737
250
52
547
875
992
568
726
103
990
520
340
157
674
341
226
507
824
992
270
249
233
251
146
603
312
20
853
455
556
864
681
893
818
481
273
863
874
757
133
39
799
530
984
383
750
353
781
243
779
797
121
50
216
241
517
252
114
911
943
226
680
835
674
982
594
790
814
164
925
197
804
331
789
458
312
444
59
965
314
32
346
273
991
996
201
506
733
515
132
390
63
401
124
189
328
75
405
43
51
178
597
27
211
712
252
493
355
705
376
782
365
582
717
994
200
752
314
28
179
687
444
504
963
912
43
259
326
10
415
885
641
188
736
162
314
702
931
20
977
247
842
712
953
520
252
340
164
444
215
638
855
894
343
707
267
114
526
796
12
857
380
709
241
54
149
510
750
742
214
559
354
542
527
103
595
825
491
378
289
91
594
75
391
781
554
276
76
794
640
431
318
991
158
526
833
333
11
347
916
126
441
800
694
96
372
707
376
128
952
39
495
17
210
451
396
644
487
8
417
523
714
427
8
905
179
932
304
893
499
972
494
413
86
644
38
174
847
769
155
938
934
876
567
510
45
567
59
7
109
891
760
882
403
308
276
256
335
655
666
68
499
940
973
212
62
205
925
222
475
477
31
768
449
360
398
173
564
307
289
703
496
928
289
30
610
264
623
14
878
825
426
25
455
592
536
389
199
341
879
247
258
428
622
832
55
451
521
487
540
324
703
626
696
6
118
525
992
309
699
315
109
978
165
59
68
424
25
935
596
933
504
469
898
148
801
850
418
216
135
627
180
503
868
338
252
329
489
46
985
87
956
126
223
612
715
781
929
552
168
822
70
251
113
339
857
408
219
306
520
584
632
251
745
468
174
758
590
806
978
148
773
633
211
858
339
688
655
714
289
791
965
938
170
48
387
687
390
221
374
729
769
729
411
838
315
550
185
971
803
608
413
997
99
340
643
688
84
729
303
421
900
87
797
221
150
26
172
945
445
378
319
349
652
590
451
474
126
848
145
692
148
223
926
514
647
885
79
840
62
922
793
786
141
216
828
255
198
878
379
932
223
781
55
731
188
133
474
543
367
266
974
570
738
412
198
389
845
639
343
374
654
12
849
526
208
785
474
856
36
383
545
897
523
608
758
577
565
969
106
222
17
864
38
449
387
595
653
882
535
244
143
612
200
354
94
905
146
390
411
653
768
301
427
541
239
649
273
42
846
318
733
139
270
765
530
339
104
639
7
411
5
531
543
553
792
592
838
412
875
976
264
885
906
176
193
918
866
132
785
79
745
180
579
50
727
338
92
95
527
676
766
158
669
269
627
451
818
838
170
416
252
106
636
472
53
464
188
96
932
959
461
881
244
106
704
60
412

